  1   0.000000   57441937
  2   0.006727   47288741
  3   0.012265   45112052
  4   0.017548   40199706
  5   0.022256   36007577
  6   0.026473   33553676
  7   0.030402   32013391
  8   0.034151   31179479
  9   0.037803   30918439
 10   0.041424   31070260
 11   0.045062   31383075
 12   0.048738   31677747
 13   0.052447   31995122
 14   0.056194   32504909
 15   0.060001   33365046
 16   0.063908   34691201
 17   0.067971   36518286
 18   0.072248   38826852
 19   0.076795   41739445
 20   0.081683   45244990
 21   0.086982   49198753
 22   0.092743   53534707
 23   0.099013   58078826
 24   0.105814   62664429
 25   0.113153   67278445
 26   0.121032   71944964
 27   0.129458   76687087
 28   0.138438   81508528
 29   0.147984   86174483
 30   0.158076   90426924
 31   0.168666   94196471
 32   0.179697   97349983
 33   0.191098   99864790
 34   0.202793   101763043
 35   0.214711   103067102
 36   0.226781   103842842
 37   0.238942   104356797
 38   0.251163   104602106
 39   0.263413   104694269
 40   0.275674   104700406
 41   0.287935   104642222
 42   0.300190   104488276
 43   0.312427   104261498
 44   0.324637   103876837
 45   0.336802   103351546
 46   0.348905   102813096
 47   0.360946   102332394
 48   0.372930   101892870
 49   0.384863   101519734
 50   0.396752   101096308
 51   0.408591   100643789
 52   0.420378   100126946
 53   0.432104   99456384
 54   0.443751   98667929
 55   0.455306   97736481
 56   0.466752   96689068
 57   0.478075   95471555
 58   0.489256   94207295
 59   0.500289   92859234
 60   0.511163   91448169
 61   0.521873   90002701
 62   0.532413   88583358
 63   0.542787   87111877
 64   0.552989   85601741
 65   0.563014   84090684
 66   0.572862   82597228
 67   0.582535   81093072
 68   0.592031   79617203
 69   0.601355   78165770
 70   0.610509   76713374
 71   0.619493   75266183
 72   0.628308   73877688
 73   0.636960   72552287
 74   0.645456   71287918
 75   0.653805   70084498
 76   0.662012   68956936
 77   0.670088   67921923
 78   0.678042   66917440
 79   0.685879   66001515
 80   0.693609   65162208
 81   0.701240   64401165
 82   0.708782   63733982
 83   0.716246   63077305
 84   0.723633   62460744
 85   0.730948   61896302
 86   0.738196   61357091
 87   0.745382   60817506
 88   0.752504   60280871
 89   0.759564   59761588
 90   0.766562   59237958
 91   0.773500   58674575
 92   0.780371   58076363
 93   0.787172   57472382
 94   0.793903   56786653
 95   0.800553   56048289
 96   0.807117   55254246
 97   0.813588   54415169
 98   0.819961   53541886
 99   0.826231   52577674
100   0.832388   51489638
101   0.838418   50337203
102   0.844313   49226612
103   0.850078   48113490
104   0.855713   46997570
105   0.861217   45842695
106   0.866585   44605090
107   0.871809   43317226
108   0.876882   41954583
109   0.881795   40507268
110   0.886539   39065975
111   0.891114   37698983
112   0.895529   36407371
113   0.899793   35204601
114   0.903916   34043962
115   0.907903   32951080
116   0.911761   31905314
117   0.915498   30890717
118   0.919116   29882785
119   0.922615   28881978
120   0.925998   27958293
121   0.929272   27073266
122   0.932442   26241226
123   0.935515   25437467
124   0.938494   24671583
125   0.941384   23931553
126   0.944186   23212344
127   0.946905   22488194
128   0.949538   21770782
129   0.952088   21053696
130   0.954554   20322687
131   0.956934   19604049
132   0.959229   18919350
133   0.961445   18219601
134   0.963579   17503531
135   0.965629   16799400
136   0.967596   16092551
137   0.969481   15395475
138   0.971284   14719229
139   0.973007   14095533
140   0.974658   13481745
141   0.976237   12873129
142   0.977744   12281407
143   0.979183   11682724
144   0.980551   11083410
145   0.981849   10498575
146   0.983078   9913775
147   0.984239   9348397
148   0.985334   8802293
149   0.986365   8271038
150   0.987334   7778990
151   0.988245   7293671
152   0.989099   6822602
153   0.989898   6380719
154   0.990645   5973917
155   0.991345   5587246
156   0.991999   5225852
157   0.992611   4883545
158   0.993183   4565983
159   0.993718   4277601
160   0.994219   4004690
161   0.994688   3748748
162   0.995127   3510516
163   0.995538   3288971
164   0.995923   3077549
165   0.996283   2880595
166   0.996621   2689796
167   0.996936   2504033
168   0.997229   2320171
169   0.997501   2138081
170   0.997751   1955827
171   0.997980   1775421
172   0.998188   1600703
173   0.998375   1443492
174   0.998544   1297020
175   0.998696   1162558
176   0.998833   1042635
177   0.998955   926619
178   0.999063   826514
179   0.999160   740651
180   0.999247   670735
181   0.999325   602640
182   0.999396   534732
183   0.999458   478462
184   0.999514   432209
185   0.999565   391154
186   0.999611   354289
187   0.999652   322776
188   0.999690   291267
189   0.999724   258181
190   0.999754   226602
191   0.999781   196565
192   0.999804   173479
193   0.999824   155831
194   0.999843   141673
195   0.999859   130396
196   0.999874   117772
197   0.999888   105792
198   0.999901   95090
199   0.999912   85730
200   0.999922   77922
201   0.999931   70365
202   0.999939   64077
203   0.999947   57124
204   0.999953   50275
205   0.999959   43414
206   0.999964   36604
207   0.999969   31770
208   0.999972   27499
209   0.999976   23559
210   0.999978   19830
211   0.999981   16762
212   0.999983   14953
213   0.999984   13174
214   0.999986   11559
215   0.999987   10391
216   0.999989   9230
217   0.999990   8297
218   0.999991   7670
219   0.999991   6636
220   0.999992   5869
221   0.999993   5527
222   0.999994   5003
223   0.999994   4593
224   0.999995   4278
225   0.999995   3852
226   0.999996   3714
227   0.999996   3489
228   0.999996   3092
229   0.999997   2763
230   0.999997   2708
231   0.999997   2544
232   0.999998   2204
233   0.999998   1993
234   0.999998   1700
235   0.999998   1485
236   0.999999   1310
237   0.999999   1043
238   0.999999   931
239   0.999999   755
240   0.999999   674
241   0.999999   598
242   0.999999   536
243   0.999999   489
244   0.999999   467
245   0.999999   492
246   1.000000   433
247   1.000000   357
248   1.000000   334
249   1.000000   275
250   1.000000   278
251   1.000000   248
252   1.000000   235
253   1.000000   216
254   1.000000   212
255   1.000000   182
256   1.000000   150
257   1.000000   169
258   1.000000   115
259   1.000000   148
260   1.000000   145
261   1.000000   87
262   1.000000   59
263   1.000000   58
264   1.000000   71
265   1.000000   57
266   1.000000   65
267   1.000000   76
268   1.000000   60
269   1.000000   51
270   1.000000   42
271   1.000000   21
272   1.000000   17
273   1.000000   9
274   1.000000   7
275   1.000000   1
276   1.000000   1
277   1.000000   5
278   1.000000   5
279   1.000000   2
280   1.000000   0
281   1.000000   0
282   1.000000   0
283   1.000000   0
284   1.000000   0
285   1.000000   0
286   1.000000   0
287   1.000000   0
288   1.000000   0
289   1.000000   0
290   1.000000   0
291   1.000000   0
292   1.000000   0
293   1.000000   0
294   1.000000   0
295   1.000000   0
296   1.000000   0
297   1.000000   0
298   1.000000   0
299   1.000000   0
