  1   0.000000   47026061
  2   0.005496   38493144
  3   0.009994   33907659
  4   0.013956   33551722
  5   0.017877   30894766
  6   0.021488   28063186
  7   0.024767   25792430
  8   0.027781   24231515
  9   0.030613   23118639
 10   0.033315   22249014
 11   0.035915   21445899
 12   0.038421   20839624
 13   0.040856   20429391
 14   0.043244   20167209
 15   0.045601   19965783
 16   0.047934   19807567
 17   0.050249   19698637
 18   0.052551   19703139
 19   0.054853   19817931
 20   0.057169   20014457
 21   0.059508   20306607
 22   0.061881   20633576
 23   0.064292   21002449
 24   0.066747   21391816
 25   0.069247   21812388
 26   0.071796   22231939
 27   0.074394   22623577
 28   0.077037   23043332
 29   0.079730   23582996
 30   0.082486   24263209
 31   0.085322   25119032
 32   0.088257   26154627
 33   0.091314   27346839
 34   0.094509   28794136
 35   0.097874   30438048
 36   0.101431   32260331
 37   0.105201   34227851
 38   0.109201   36293610
 39   0.113443   38468885
 40   0.117938   40746126
 41   0.122700   43116564
 42   0.127738   45542900
 43   0.133061   47976576
 44   0.138667   50393008
 45   0.144556   52778266
 46   0.150724   55107137
 47   0.157164   57354771
 48   0.163866   59539499
 49   0.170824   61541064
 50   0.178016   63343569
 51   0.185419   64919907
 52   0.193005   66284065
 53   0.200751   67407878
 54   0.208629   68391553
 55   0.216621   69192401
 56   0.224707   69866567
 57   0.232872   70483191
 58   0.241108   70969947
 59   0.249402   71408382
 60   0.257747   71781537
 61   0.266135   72096557
 62   0.274561   72374608
 63   0.283019   72665174
 64   0.291510   72950718
 65   0.300035   73196458
 66   0.308589   73400447
 67   0.317167   73544629
 68   0.325761   73641372
 69   0.334367   73687204
 70   0.342979   73692837
 71   0.351590   73644244
 72   0.360197   73538303
 73   0.368790   73402532
 74   0.377368   73251580
 75   0.385929   73028657
 76   0.394463   72812955
 77   0.402972   72534613
 78   0.411448   72259195
 79   0.419893   71961343
 80   0.428302   71648272
 81   0.436675   71324464
 82   0.445010   70984662
 83   0.453306   70628131
 84   0.461559   70248789
 85   0.469769   69876822
 86   0.477935   69487873
 87   0.486055   69071804
 88   0.494127   68654307
 89   0.502150   68208776
 90   0.510121   67744075
 91   0.518038   67279611
 92   0.525900   66806242
 93   0.533707   66360346
 94   0.541462   65902058
 95   0.549163   65427740
 96   0.556809   64952564
 97   0.564400   64502370
 98   0.571938   64037371
 99   0.579421   63603521
100   0.586854   63160591
101   0.594235   62713048
102   0.601564   62245556
103   0.608838   61773471
104   0.616057   61310690
105   0.623222   60819755
106   0.630329   60353465
107   0.637382   59821418
108   0.644373   59300977
109   0.651303   58764169
110   0.658170   58216043
111   0.664973   57652327
112   0.671711   57058860
113   0.678379   56453836
114   0.684976   55822128
115   0.691499   55174912
116   0.697947   54523098
117   0.704319   53851161
118   0.710612   53140910
119   0.716822   52426382
120   0.722949   51708827
121   0.728992   50997091
122   0.734951   50248642
123   0.740823   49512252
124   0.746609   48757880
125   0.752307   48001403
126   0.757917   47250212
127   0.763439   46497958
128   0.768872   45738483
129   0.774217   44998989
130   0.779476   44256658
131   0.784648   43522031
132   0.789734   42802126
133   0.794736   42101119
134   0.799656   41407798
135   0.804495   40736427
136   0.809255   40055192
137   0.813936   39404901
138   0.818541   38753001
139   0.823070   38143942
140   0.827528   37477308
141   0.831907   36841792
142   0.836213   36211302
143   0.840444   35588474
144   0.844603   34954322
145   0.848688   34334524
146   0.852700   33708619
147   0.856640   33080898
148   0.860506   32450302
149   0.864298   31829313
150   0.868017   31207470
151   0.871664   30583741
152   0.875238   29969007
153   0.878741   29340559
154   0.882169   28710882
155   0.885525   28103388
156   0.888809   27489858
157   0.892021   26879345
158   0.895162   26251974
159   0.898230   25621945
160   0.901225   24989891
161   0.904145   24362363
162   0.906992   23738324
163   0.909766   23133895
164   0.912469   22535749
165   0.915103   21978815
166   0.917672   21430697
167   0.920176   20899218
168   0.922618   20369757
169   0.924999   19853076
170   0.927319   19340822
171   0.929579   18805828
172   0.931777   18281573
173   0.933913   17739532
174   0.935986   17199378
175   0.937996   16654071
176   0.939942   16106502
177   0.941824   15575816
178   0.943645   15062935
179   0.945405   14555113
180   0.947106   14060063
181   0.948749   13584398
182   0.950336   13150539
183   0.951873   12727863
184   0.953361   12313177
185   0.954800   11944245
186   0.956195   11565792
187   0.957547   11189721
188   0.958855   10822853
189   0.960119   10464755
190   0.961342   10108757
191   0.962524   9764510
192   0.963665   9418061
193   0.964765   9081008
194   0.965827   8762964
195   0.966851   8456649
196   0.967839   8183269
197   0.968795   7924266
198   0.969721   7676861
199   0.970618   7466011
200   0.971491   7261022
201   0.972339   7075059
202   0.973166   6904644
203   0.973973   6740004
204   0.974761   6583109
205   0.975530   6428782
206   0.976281   6267055
207   0.977014   6110782
208   0.977728   5957233
209   0.978424   5796448
210   0.979101   5642675
211   0.979761   5484883
212   0.980402   5337635
213   0.981026   5196120
214   0.981633   5049815
215   0.982223   4906428
216   0.982796   4758744
217   0.983352   4622794
218   0.983893   4479039
219   0.984416   4340208
220   0.984923   4210985
221   0.985415   4080288
222   0.985892   3962161
223   0.986355   3848147
224   0.986805   3741005
225   0.987242   3644691
226   0.987668   3554416
227   0.988083   3465486
228   0.988488   3383015
229   0.988884   3306693
230   0.989270   3227022
231   0.989647   3148664
232   0.990015   3070991
233   0.990374   2992395
234   0.990724   2909007
235   0.991064   2822408
236   0.991394   2739509
237   0.991714   2661491
238   0.992025   2586303
239   0.992327   2507042
240   0.992620   2434508
241   0.992904   2354352
242   0.993180   2277443
243   0.993446   2201784
244   0.993703   2131056
245   0.993952   2063198
246   0.994193   1997860
247   0.994427   1934964
248   0.994653   1873893
249   0.994872   1811527
250   0.995083   1757853
251   0.995289   1695187
252   0.995487   1636883
253   0.995678   1576688
254   0.995863   1519297
255   0.996040   1464363
256   0.996211   1412157
257   0.996376   1361872
258   0.996535   1316182
259   0.996689   1265973
260   0.996837   1218132
261   0.996979   1171321
262   0.997116   1128305
263   0.997248   1084647
264   0.997375   1041555
265   0.997497   1005321
266   0.997614   971260
267   0.997728   939258
268   0.997837   908571
269   0.997944   876922
270   0.998046   847261
271   0.998145   818558
272   0.998241   791266
273   0.998333   767751
274   0.998423   741179
275   0.998510   715281
276   0.998593   692737
277   0.998674   667919
278   0.998752   642965
279   0.998827   617446
280   0.998899   590575
281   0.998968   561033
282   0.999034   528814
283   0.999096   499450
284   0.999154   465885
285   0.999209   433398
286   0.999259   404659
287   0.999307   376765
288   0.999351   347462
289   0.999391   320713
290   0.999429   294723
291   0.999463   269470
292   0.999495   247396
293   0.999524   227503
294   0.999550   210137
295   0.999575   193524
296   0.999597   179128
297   0.999618   167368
298   0.999638   156084
299   0.999656   145767
300   0.999673   137784
301   0.999689   128239
302   0.999704   120748
303   0.999718   115856
304   0.999732   111701
305   0.999745   107729
306   0.999757   104248
307   0.999770   100054
308   0.999781   97064
309   0.999793   92822
310   0.999804   89329
311   0.999814   86012
312   0.999824   81121
313   0.999833   75782
314   0.999842   69653
315   0.999850   66037
316   0.999858   63509
317   0.999866   60466
318   0.999873   57415
319   0.999879   54813
320   0.999886   51797
321   0.999892   49647
322   0.999898   47709
323   0.999903   45523
324   0.999909   43325
325   0.999914   41929
326   0.999919   40882
327   0.999923   39536
328   0.999928   38429
329   0.999932   36573
330   0.999937   34612
331   0.999941   32663
332   0.999945   31636
333   0.999948   30614
334   0.999952   28384
335   0.999955   26917
336   0.999958   24948
337   0.999961   23728
338   0.999964   22049
339   0.999967   20068
340   0.999969   17829
341   0.999971   16361
342   0.999973   14543
343   0.999975   13096
344   0.999976   11526
345   0.999977   9890
346   0.999979   8648
347   0.999980   7525
348   0.999981   7102
349   0.999981   6559
350   0.999982   6377
351   0.999983   6030
352   0.999984   5786
353   0.999984   5544
354   0.999985   5444
355   0.999986   5269
356   0.999986   5159
357   0.999987   5080
358   0.999987   4902
359   0.999988   4817
360   0.999988   4651
361   0.999989   4539
362   0.999990   4228
363   0.999990   4092
364   0.999991   3999
365   0.999991   3959
366   0.999991   3762
367   0.999992   3714
368   0.999992   3534
369   0.999993   3399
370   0.999993   3249
371   0.999994   3142
372   0.999994   2946
373   0.999994   2804
374   0.999995   2670
375   0.999995   2476
376   0.999995   2309
377   0.999995   2200
378   0.999996   2179
379   0.999996   2112
380   0.999996   1981
381   0.999996   1885
382   0.999997   1830
383   0.999997   1787
384   0.999997   1663
385   0.999997   1645
386   0.999997   1527
387   0.999998   1336
388   0.999998   1341
389   0.999998   1319
390   0.999998   1210
391   0.999998   1146
392   0.999998   1046
393   0.999998   935
394   0.999999   879
395   0.999999   867
396   0.999999   744
397   0.999999   656
398   0.999999   651
399   0.999999   620
400   0.999999   551
401   0.999999   479
402   0.999999   397
403   0.999999   369
404   0.999999   405
405   0.999999   363
406   0.999999   361
407   0.999999   353
408   0.999999   314
409   1.000000   254
410   1.000000   245
411   1.000000   263
412   1.000000   276
413   1.000000   231
414   1.000000   227
415   1.000000   260
416   1.000000   217
417   1.000000   215
418   1.000000   176
419   1.000000   141
420   1.000000   157
421   1.000000   160
422   1.000000   146
423   1.000000   153
424   1.000000   121
425   1.000000   115
426   1.000000   113
427   1.000000   95
428   1.000000   65
429   1.000000   70
430   1.000000   74
431   1.000000   72
432   1.000000   50
433   1.000000   34
434   1.000000   21
435   1.000000   29
436   1.000000   20
437   1.000000   15
438   1.000000   16
439   1.000000   21
440   1.000000   28
441   1.000000   13
442   1.000000   1
443   1.000000   0
444   1.000000   0
