  1   0.000000   46114075
  2   0.005379   35380150
  3   0.009505   32027923
  4   0.013241   29117501
  5   0.016637   28545392
  6   0.019967   26549654
  7   0.023064   24330021
  8   0.025902   22420301
  9   0.028517   21115981
 10   0.030980   20177090
 11   0.033333   19393703
 12   0.035595   18771881
 13   0.037785   18165305
 14   0.039903   17703139
 15   0.041968   17327700
 16   0.043989   17059533
 17   0.045979   16831407
 18   0.047942   16642539
 19   0.049884   16454010
 20   0.051803   16303002
 21   0.053704   16206273
 22   0.055595   16152749
 23   0.057479   16122669
 24   0.059359   16113353
 25   0.061239   16127363
 26   0.063120   16151172
 27   0.065004   16167145
 28   0.066889   16205578
 29   0.068780   16246932
 30   0.070675   16323590
 31   0.072579   16431447
 32   0.074495   16592654
 33   0.076430   16821959
 34   0.078393   17138206
 35   0.080392   17495039
 36   0.082432   17894671
 37   0.084519   18321246
 38   0.086656   18743834
 39   0.088843   19157658
 40   0.091077   19587149
 41   0.093362   20046178
 42   0.095700   20552947
 43   0.098097   21126525
 44   0.100561   21803114
 45   0.103105   22598325
 46   0.105740   23574543
 47   0.108490   24734343
 48   0.111375   26071170
 49   0.114416   27573214
 50   0.117632   29170732
 51   0.121035   30856313
 52   0.124634   32619689
 53   0.128438   34459206
 54   0.132458   36320187
 55   0.136694   38219183
 56   0.141152   40095963
 57   0.145829   41964244
 58   0.150723   43827903
 59   0.155836   45650642
 60   0.161160   47446125
 61   0.166694   49157243
 62   0.172428   50737266
 63   0.178346   52199886
 64   0.184434   53505861
 65   0.190675   54733477
 66   0.197059   55810519
 67   0.203569   56817517
 68   0.210196   57717079
 69   0.216928   58555706
 70   0.223758   59285203
 71   0.230673   59964101
 72   0.237667   60550577
 73   0.244730   61089949
 74   0.251856   61576819
 75   0.259038   62049169
 76   0.266275   62483793
 77   0.273563   62900365
 78   0.280900   63318416
 79   0.288285   63755299
 80   0.295722   64194467
 81   0.303209   64616752
 82   0.310746   64993832
 83   0.318327   65331176
 84   0.325947   65595468
 85   0.333598   65821450
 86   0.341276   65984145
 87   0.348972   66112093
 88   0.356683   66192949
 89   0.364404   66178467
 90   0.372123   66136831
 91   0.379837   66016831
 92   0.387537   65857124
 93   0.395219   65652788
 94   0.402877   65436511
 95   0.410509   65155903
 96   0.418109   64847309
 97   0.425673   64523022
 98   0.433199   64213461
 99   0.440688   63918713
100   0.448144   63609952
101   0.455563   63318933
102   0.462949   63018594
103   0.470299   62691357
104   0.477611   62392180
105   0.484889   62060889
106   0.492128   61713683
107   0.499326   61371807
108   0.506484   61019063
109   0.513601   60650271
110   0.520676   60278047
111   0.527706   59883519
112   0.534691   59485684
113   0.541630   59109806
114   0.548524   58756294
115   0.555377   58420203
116   0.562192   58064749
117   0.568964   57731415
118   0.575698   57393856
119   0.582392   57066204
120   0.589048   56730746
121   0.595666   56401045
122   0.602244   56047424
123   0.608781   55708812
124   0.615279   55338688
125   0.621734   54961093
126   0.628145   54575456
127   0.634510   54184720
128   0.640830   53775177
129   0.647103   53375914
130   0.653328   52960064
131   0.659506   52521521
132   0.665632   52061889
133   0.671704   51606392
134   0.677724   51131943
135   0.683688   50632097
136   0.689593   50126746
137   0.695440   49598312
138   0.701225   49051383
139   0.706946   48511754
140   0.712605   47949738
141   0.718198   47376259
142   0.723724   46801872
143   0.729183   46208294
144   0.734572   45615397
145   0.739893   45009422
146   0.745143   44402429
147   0.750322   43790813
148   0.755429   43168785
149   0.760465   42557072
150   0.765428   41918900
151   0.770318   41279105
152   0.775133   40651731
153   0.779874   40012748
154   0.784541   39391494
155   0.789136   38761418
156   0.793657   38146521
157   0.798106   37527680
158   0.802484   36912696
159   0.806789   36312491
160   0.811025   35731520
161   0.815192   35137998
162   0.819291   34586423
163   0.823325   34041094
164   0.827295   33501630
165   0.831203   32970868
166   0.835049   32446062
167   0.838833   31925644
168   0.842557   31417735
169   0.846222   30904448
170   0.849826   30390071
171   0.853371   29886971
172   0.856857   29380482
173   0.860284   28888333
174   0.863653   28371751
175   0.866963   27883904
176   0.870215   27375952
177   0.873408   26870320
178   0.876542   26378265
179   0.879619   25878759
180   0.882637   25382526
181   0.885598   24889095
182   0.888501   24383307
183   0.891345   23892853
184   0.894132   23405162
185   0.896862   22918877
186   0.899535   22429984
187   0.902151   21943148
188   0.904711   21448259
189   0.907213   20953696
190   0.909657   20459956
191   0.912043   19959985
192   0.914371   19471524
193   0.916642   18984971
194   0.918857   18529402
195   0.921018   18074316
196   0.923126   17640154
197   0.925184   17212187
198   0.927191   16795626
199   0.929150   16390026
200   0.931062   15985283
201   0.932927   15582314
202   0.934744   15171768
203   0.936514   14747269
204   0.938234   14322702
205   0.939904   13888532
206   0.941524   13474718
207   0.943096   13061004
208   0.944619   12663270
209   0.946097   12262098
210   0.947527   11877192
211   0.948912   11496667
212   0.950253   11131689
213   0.951551   10786432
214   0.952810   10451788
215   0.954029   10142467
216   0.955212   9847296
217   0.956360   9559192
218   0.957475   9290637
219   0.958559   9021849
220   0.959611   8765678
221   0.960634   8508464
222   0.961626   8260125
223   0.962590   8010871
224   0.963524   7773715
225   0.964431   7545591
226   0.965311   7320288
227   0.966165   7100153
228   0.966993   6885692
229   0.967796   6682042
230   0.968575   6477879
231   0.969331   6302035
232   0.970066   6133868
233   0.970781   5977752
234   0.971479   5840708
235   0.972160   5716529
236   0.972827   5598049
237   0.973480   5491802
238   0.974120   5394792
239   0.974749   5307542
240   0.975368   5210914
241   0.975976   5123221
242   0.976574   5028770
243   0.977160   4931106
244   0.977736   4838394
245   0.978300   4739820
246   0.978853   4641753
247   0.979394   4541270
248   0.979924   4440436
249   0.980442   4336330
250   0.980948   4241973
251   0.981442   4153784
252   0.981927   4064793
253   0.982401   3975781
254   0.982865   3885567
255   0.983318   3795597
256   0.983761   3709413
257   0.984193   3627728
258   0.984616   3547801
259   0.985030   3465786
260   0.985434   3389958
261   0.985830   3306970
262   0.986216   3229665
263   0.986592   3157939
264   0.986961   3084663
265   0.987320   3016694
266   0.987672   2952710
267   0.988017   2887801
268   0.988354   2831059
269   0.988684   2776089
270   0.989008   2722059
271   0.989325   2666104
272   0.989636   2616686
273   0.989941   2566162
274   0.990241   2515063
275   0.990534   2461513
276   0.990821   2405820
277   0.991102   2345409
278   0.991375   2288160
279   0.991642   2231280
280   0.991902   2176785
281   0.992156   2122629
282   0.992404   2072025
283   0.992646   2022703
284   0.992881   1972249
285   0.993111   1921792
286   0.993336   1869958
287   0.993554   1823399
288   0.993766   1773335
289   0.993973   1724719
290   0.994174   1686542
291   0.994371   1638409
292   0.994562   1601178
293   0.994749   1562754
294   0.994931   1521248
295   0.995109   1481881
296   0.995282   1441492
297   0.995450   1400242
298   0.995613   1362061
299   0.995772   1320558
300   0.995926   1279796
301   0.996075   1239636
302   0.996220   1203293
303   0.996360   1165348
304   0.996496   1130372
305   0.996628   1097179
306   0.996756   1063998
307   0.996880   1033976
308   0.997001   999547
309   0.997117   965814
310   0.997230   934701
311   0.997339   902367
312   0.997444   872098
313   0.997546   844143
314   0.997644   814539
315   0.997739   789319
316   0.997831   763990
317   0.997920   742328
318   0.998007   718440
319   0.998091   696563
320   0.998172   675042
321   0.998251   655546
322   0.998327   635826
323   0.998401   617276
324   0.998473   599719
325   0.998543   581844
326   0.998611   565815
327   0.998677   549130
328   0.998741   534170
329   0.998804   518723
330   0.998864   504471
331   0.998923   487918
332   0.998980   472003
333   0.999035   452406
334   0.999088   435251
335   0.999138   414479
336   0.999187   394878
337   0.999233   376069
338   0.999277   353366
339   0.999318   331487
340   0.999357   308770
341   0.999393   286827
342   0.999426   266123
343   0.999457   245692
344   0.999486   225859
345   0.999512   209356
346   0.999537   195200
347   0.999559   180634
348   0.999580   167641
349   0.999600   156916
350   0.999618   146527
351   0.999635   136720
352   0.999651   128215
353   0.999666   120280
354   0.999680   113429
355   0.999694   106662
356   0.999706   100781
357   0.999718   95610
358   0.999729   91411
359   0.999740   88485
360   0.999750   86096
361   0.999760   83732
362   0.999770   81316
363   0.999779   79147
364   0.999788   75962
365   0.999797   73918
366   0.999806   71640
367   0.999814   69287
368   0.999822   66887
369   0.999830   64987
370   0.999838   61940
371   0.999845   58883
372   0.999852   56364
373   0.999858   53688
374   0.999865   51846
375   0.999871   50046
376   0.999876   48350
377   0.999882   46833
378   0.999888   44867
379   0.999893   43510
380   0.999898   41598
381   0.999903   40149
382   0.999907   38865
383   0.999912   37355
384   0.999916   35721
385   0.999920   34721
386   0.999925   33631
387   0.999928   32993
388   0.999932   32410
389   0.999936   31204
390   0.999940   30185
391   0.999943   28879
392   0.999947   27492
393   0.999950   26729
394   0.999953   25840
395   0.999956   24552
396   0.999959   23411
397   0.999962   22379
398   0.999964   21013
399   0.999967   20000
400   0.999969   19048
401   0.999971   17750
402   0.999973   16020
403   0.999975   14357
404   0.999977   12920
405   0.999978   11707
406   0.999980   10336
407   0.999981   9378
408   0.999982   8033
409   0.999983   6433
410   0.999984   5722
411   0.999984   5000
412   0.999985   4639
413   0.999985   4429
414   0.999986   4366
415   0.999986   4248
416   0.999987   4078
417   0.999987   4003
418   0.999988   3992
419   0.999988   3825
420   0.999989   3623
421   0.999989   3369
422   0.999990   3325
423   0.999990   3312
424   0.999990   3268
425   0.999991   3175
426   0.999991   3145
427   0.999992   3098
428   0.999992   2947
429   0.999992   2801
430   0.999993   2716
431   0.999993   2649
432   0.999993   2507
433   0.999993   2476
434   0.999994   2341
435   0.999994   2080
436   0.999994   2124
437   0.999995   1977
438   0.999995   1949
439   0.999995   2021
440   0.999995   1897
441   0.999995   1766
442   0.999996   1637
443   0.999996   1692
444   0.999996   1675
445   0.999996   1579
446   0.999996   1532
447   0.999997   1482
448   0.999997   1405
449   0.999997   1374
450   0.999997   1290
451   0.999997   1249
452   0.999997   1229
453   0.999998   1171
454   0.999998   1143
455   0.999998   1163
456   0.999998   1059
457   0.999998   981
458   0.999998   1040
459   0.999998   1012
460   0.999998   862
461   0.999999   893
462   0.999999   807
463   0.999999   777
464   0.999999   759
465   0.999999   709
466   0.999999   720
467   0.999999   646
468   0.999999   566
469   0.999999   512
470   0.999999   525
471   0.999999   444
472   0.999999   422
473   0.999999   364
474   0.999999   307
475   0.999999   317
476   1.000000   262
477   1.000000   294
478   1.000000   279
479   1.000000   220
480   1.000000   214
481   1.000000   229
482   1.000000   212
483   1.000000   206
484   1.000000   174
485   1.000000   155
486   1.000000   147
487   1.000000   130
488   1.000000   122
489   1.000000   127
490   1.000000   127
491   1.000000   112
492   1.000000   109
493   1.000000   89
494   1.000000   103
495   1.000000   86
496   1.000000   73
497   1.000000   57
498   1.000000   53
499   1.000000   73
500   1.000000   54
501   1.000000   54
502   1.000000   57
503   1.000000   37
504   1.000000   32
505   1.000000   23
506   1.000000   11
507   1.000000   10
508   1.000000   23
509   1.000000   9
510   1.000000   25
511   1.000000   17
512   1.000000   12
513   1.000000   9
514   1.000000   3
