  1   0.000000   33100754
  2   0.003850   25634105
  3   0.006831   24183319
  4   0.009643   20988598
  5   0.012084   20139586
  6   0.014426   18339535
  7   0.016559   17481866
  8   0.018592   16987475
  9   0.020568   17429273
 10   0.022595   17458590
 11   0.024625   16650810
 12   0.026562   16035758
 13   0.028427   15439633
 14   0.030222   14828289
 15   0.031947   14325070
 16   0.033613   13902083
 17   0.035229   13616252
 18   0.036813   13356854
 19   0.038366   13146267
 20   0.039895   12967325
 21   0.041403   12802091
 22   0.042892   12651113
 23   0.044363   12505248
 24   0.045818   12369396
 25   0.047256   12291583
 26   0.048686   12221079
 27   0.050107   12174529
 28   0.051523   12152824
 29   0.052936   12139095
 30   0.054348   12122077
 31   0.055758   12108258
 32   0.057166   12096533
 33   0.058573   12127926
 34   0.059983   12159675
 35   0.061397   12210579
 36   0.062817   12266933
 37   0.064244   12316953
 38   0.065676   12370158
 39   0.067115   12377804
 40   0.068554   12404140
 41   0.069997   12422356
 42   0.071442   12457300
 43   0.072890   12480477
 44   0.074342   12518387
 45   0.075798   12566577
 46   0.077259   12628111
 47   0.078728   12705124
 48   0.080205   12812729
 49   0.081695   12966081
 50   0.083203   13151816
 51   0.084733   13342887
 52   0.086285   13563687
 53   0.087862   13834891
 54   0.089471   14122084
 55   0.091113   14410710
 56   0.092789   14682372
 57   0.094497   14966967
 58   0.096237   15288105
 59   0.098015   15625501
 60   0.099833   15992249
 61   0.101693   16363855
 62   0.103596   16751219
 63   0.105544   17152991
 64   0.107539   17553547
 65   0.109580   17984122
 66   0.111671   18426758
 67   0.113814   18873972
 68   0.116009   19331961
 69   0.118258   19793274
 70   0.120560   20270052
 71   0.122917   20776775
 72   0.125333   21306037
 73   0.127811   21892129
 74   0.130357   22533202
 75   0.132978   23229834
 76   0.135679   24008669
 77   0.138471   24843253
 78   0.141361   25758892
 79   0.144356   26754354
 80   0.147468   27810694
 81   0.150702   28950720
 82   0.154069   30185461
 83   0.157579   31485367
 84   0.161241   32856440
 85   0.165062   34291961
 86   0.169050   35778998
 87   0.173211   37243411
 88   0.177543   38706944
 89   0.182044   40133491
 90   0.186712   41491871
 91   0.191537   42780622
 92   0.196512   44004044
 93   0.201630   45129167
 94   0.206878   46208473
 95   0.212252   47179177
 96   0.217739   48088793
 97   0.223331   48968282
 98   0.229026   49791166
 99   0.234817   50577373
100   0.240699   51347420
101   0.246671   52070886
102   0.252726   52766118
103   0.258863   53425564
104   0.265076   54007781
105   0.271357   54548642
106   0.277701   55026515
107   0.284100   55462163
108   0.290550   55893866
109   0.297051   56322079
110   0.303601   56717843
111   0.310197   57102728
112   0.316838   57469730
113   0.323521   57831427
114   0.330247   58181569
115   0.337013   58472814
116   0.343814   58735940
117   0.350645   58955773
118   0.357501   59107300
119   0.364375   59236946
120   0.371264   59309815
121   0.378162   59376488
122   0.385067   59378516
123   0.391973   59347890
124   0.398875   59272216
125   0.405768   59208886
126   0.412654   59082967
127   0.419525   58954645
128   0.426381   58810013
129   0.433220   58641121
130   0.440040   58474031
131   0.446841   58284857
132   0.453619   58074615
133   0.460373   57832171
134   0.467099   57557895
135   0.473793   57278316
136   0.480454   56956195
137   0.487078   56636536
138   0.493664   56276376
139   0.500209   55927939
140   0.506713   55524593
141   0.513171   55114124
142   0.519580   54695363
143   0.525941   54253196
144   0.532251   53859094
145   0.538515   53414663
146   0.544727   53014692
147   0.550892   52594877
148   0.557009   52193923
149   0.563079   51811826
150   0.569104   51430044
151   0.575085   51039390
152   0.581021   50637864
153   0.586910   50264774
154   0.592756   49879317
155   0.598557   49501837
156   0.604314   49135381
157   0.610028   48750172
158   0.615697   48389746
159   0.621325   47986308
160   0.626906   47601814
161   0.632442   47214579
162   0.637933   46818057
163   0.643377   46426774
164   0.648777   46021942
165   0.654129   45606805
166   0.659433   45197795
167   0.664689   44793350
168   0.669899   44358076
169   0.675057   43930185
170   0.680166   43488958
171   0.685224   43073509
172   0.690233   42637676
173   0.695192   42196065
174   0.700099   41785735
175   0.704959   41333220
176   0.709766   40906857
177   0.714523   40473261
178   0.719230   40051824
179   0.723888   39646505
180   0.728499   39231554
181   0.733061   38826599
182   0.737577   38439028
183   0.742047   38033167
184   0.746470   37633757
185   0.750847   37252366
186   0.755179   36866398
187   0.759467   36472330
188   0.763709   36098218
189   0.767907   35709011
190   0.772059   35345069
191   0.776170   34943223
192   0.780234   34569669
193   0.784254   34170496
194   0.788228   33771170
195   0.792156   33386108
196   0.796038   32990958
197   0.799875   32591510
198   0.803665   32186704
199   0.807409   31795054
200   0.811106   31381357
201   0.814756   30960569
202   0.818357   30553934
203   0.821910   30148624
204   0.825416   29743419
205   0.828875   29351079
206   0.832289   28937382
207   0.835654   28538782
208   0.838973   28133796
209   0.842245   27733163
210   0.845470   27353262
211   0.848651   26964283
212   0.851787   26591363
213   0.854880   26199676
214   0.857927   25827331
215   0.860930   25450859
216   0.863890   25074342
217   0.866806   24702962
218   0.869679   24335038
219   0.872509   23967770
220   0.875297   23602704
221   0.878041   23234868
222   0.880744   22862738
223   0.883403   22487364
224   0.886018   22126121
225   0.888591   21750663
226   0.891120   21370002
227   0.893606   20999290
228   0.896048   20626456
229   0.898447   20239004
230   0.900800   19871832
231   0.903112   19488000
232   0.905378   19123526
233   0.907602   18742758
234   0.909782   18364236
235   0.911917   17977272
236   0.914008   17600209
237   0.916055   17217443
238   0.918057   16834387
239   0.920015   16448456
240   0.921928   16072560
241   0.923797   15706922
242   0.925624   15357004
243   0.927410   15020857
244   0.929157   14687846
245   0.930865   14366544
246   0.932536   14032002
247   0.934168   13693638
248   0.935760   13344304
249   0.937312   12989667
250   0.938823   12631544
251   0.940292   12282596
252   0.941720   11933439
253   0.943108   11596355
254   0.944457   11266942
255   0.945767   10936683
256   0.947039   10624030
257   0.948274   10323999
258   0.949475   10028057
259   0.950641   9760915
260   0.951776   9488575
261   0.952880   9226170
262   0.953953   8976651
263   0.954997   8736144
264   0.956013   8499046
265   0.957001   8278700
266   0.957964   8065280
267   0.958902   7848963
268   0.959815   7649348
269   0.960704   7451373
270   0.961571   7255403
271   0.962415   7063822
272   0.963236   6873609
273   0.964036   6692304
274   0.964814   6521424
275   0.965572   6350710
276   0.966311   6184352
277   0.967030   6020191
278   0.967730   5868752
279   0.968413   5720248
280   0.969078   5579013
281   0.969727   5437677
282   0.970359   5308537
283   0.970977   5185634
284   0.971580   5066003
285   0.972169   4961303
286   0.972746   4862345
287   0.973311   4769408
288   0.973866   4680349
289   0.974410   4608617
290   0.974946   4534310
291   0.975474   4465291
292   0.975993   4397187
293   0.976504   4334882
294   0.977008   4269906
295   0.977505   4201552
296   0.977994   4137755
297   0.978475   4065812
298   0.978948   3997390
299   0.979413   3922788
300   0.979869   3847586
301   0.980316   3775665
302   0.980755   3701038
303   0.981186   3630400
304   0.981608   3558614
305   0.982022   3494749
306   0.982428   3421714
307   0.982826   3356948
308   0.983217   3288623
309   0.983599   3222261
310   0.983974   3161028
311   0.984341   3095317
312   0.984701   3036367
313   0.985055   2981838
314   0.985401   2923967
315   0.985741   2870184
316   0.986075   2821010
317   0.986403   2768791
318   0.986725   2715604
319   0.987041   2661294
320   0.987351   2613016
321   0.987654   2554206
322   0.987952   2500255
323   0.988242   2447898
324   0.988527   2396220
325   0.988806   2347153
326   0.989079   2295606
327   0.989346   2252598
328   0.989608   2210768
329   0.989865   2173377
330   0.990117   2136991
331   0.990366   2101173
332   0.990610   2066592
333   0.990851   2028809
334   0.991087   1990648
335   0.991318   1950592
336   0.991545   1912830
337   0.991767   1866798
338   0.991985   1826386
339   0.992197   1783786
340   0.992404   1741541
341   0.992607   1697523
342   0.992804   1657473
343   0.992997   1620888
344   0.993186   1583660
345   0.993370   1548217
346   0.993550   1513816
347   0.993726   1481484
348   0.993898   1446356
349   0.994066   1415094
350   0.994231   1380831
351   0.994392   1350004
352   0.994549   1319841
353   0.994702   1289211
354   0.994852   1262167
355   0.994999   1233140
356   0.995142   1203517
357   0.995282   1174393
358   0.995419   1142807
359   0.995552   1115379
360   0.995681   1089575
361   0.995808   1062653
362   0.995932   1040281
363   0.996053   1013741
364   0.996171   991131
365   0.996286   967593
366   0.996398   946874
367   0.996508   923548
368   0.996616   902154
369   0.996721   883475
370   0.996823   861816
371   0.996924   841230
372   0.997022   821605
373   0.997117   799783
374   0.997210   778521
375   0.997301   756251
376   0.997389   738381
377   0.997474   718835
378   0.997558   697916
379   0.997639   681610
380   0.997719   660621
381   0.997795   644549
382   0.997870   630348
383   0.997944   613843
384   0.998015   598326
385   0.998085   583898
386   0.998152   570106
387   0.998219   555503
388   0.998283   542257
389   0.998346   529305
390   0.998408   514785
391   0.998468   501563
392   0.998526   488384
393   0.998583   475875
394   0.998638   464864
395   0.998692   453153
396   0.998745   442775
397   0.998797   431295
398   0.998847   421600
399   0.998896   409418
400   0.998943   400147
401   0.998990   389279
402   0.999035   380299
403   0.999079   370727
404   0.999123   356532
405   0.999164   346498
406   0.999204   334730
407   0.999243   321318
408   0.999281   308557
409   0.999316   296214
410   0.999351   282487
411   0.999384   266503
412   0.999415   250723
413   0.999444   236033
414   0.999471   220544
415   0.999497   205055
416   0.999521   190174
417   0.999543   176510
418   0.999564   164203
419   0.999583   153109
420   0.999600   143609
421   0.999617   134306
422   0.999633   125586
423   0.999647   118195
424   0.999661   110770
425   0.999674   104180
426   0.999686   98623
427   0.999698   92702
428   0.999708   88348
429   0.999719   84325
430   0.999728   80159
431   0.999738   76109
432   0.999747   73114
433   0.999755   70606
434   0.999763   68246
435   0.999771   66066
436   0.999779   64933
437   0.999787   63637
438   0.999794   62536
439   0.999801   60847
440   0.999808   59037
441   0.999815   57516
442   0.999822   56293
443   0.999828   54467
444   0.999835   53526
445   0.999841   51991
446   0.999847   50589
447   0.999853   49032
448   0.999859   47341
449   0.999864   45673
450   0.999869   43604
451   0.999874   42252
452   0.999879   40898
453   0.999884   39884
454   0.999889   38072
455   0.999893   37424
456   0.999898   36336
457   0.999902   35529
458   0.999906   34564
459   0.999910   33293
460   0.999914   32546
461   0.999918   31070
462   0.999921   30251
463   0.999925   29638
464   0.999928   28443
465   0.999931   27364
466   0.999935   26598
467   0.999938   25837
468   0.999941   25083
469   0.999944   24670
470   0.999947   24234
471   0.999949   23726
472   0.999952   23112
473   0.999955   22100
474   0.999957   21332
475   0.999960   20701
476   0.999962   20374
477   0.999965   19493
478   0.999967   18830
479   0.999969   18404
480   0.999971   17245
481   0.999973   16763
482   0.999975   15719
483   0.999977   14826
484   0.999979   14077
485   0.999980   13430
486   0.999982   12617
487   0.999983   11706
488   0.999985   10319
489   0.999986   9117
490   0.999987   8123
491   0.999988   7457
492   0.999989   6694
493   0.999990   5706
494   0.999990   4645
495   0.999991   3601
496   0.999991   2987
497   0.999992   2585
498   0.999992   2356
499   0.999992   2187
500   0.999992   2120
501   0.999993   2006
502   0.999993   1987
503   0.999993   1929
504   0.999993   1885
505   0.999994   1784
506   0.999994   1735
507   0.999994   1684
508   0.999994   1645
509   0.999994   1609
510   0.999995   1489
511   0.999995   1439
512   0.999995   1445
513   0.999995   1380
514   0.999995   1341
515   0.999995   1386
516   0.999996   1307
517   0.999996   1308
518   0.999996   1284
519   0.999996   1283
520   0.999996   1252
521   0.999996   1298
522   0.999996   1231
523   0.999997   1154
524   0.999997   1145
525   0.999997   1082
526   0.999997   1064
527   0.999997   1038
528   0.999997   996
529   0.999997   997
530   0.999997   1000
531   0.999998   999
532   0.999998   938
533   0.999998   943
534   0.999998   934
535   0.999998   920
536   0.999998   866
537   0.999998   794
538   0.999998   787
539   0.999998   779
540   0.999998   716
541   0.999999   666
542   0.999999   679
543   0.999999   581
544   0.999999   602
545   0.999999   579
546   0.999999   618
547   0.999999   623
548   0.999999   587
549   0.999999   523
550   0.999999   459
551   0.999999   546
552   0.999999   509
553   0.999999   508
554   0.999999   437
555   0.999999   434
556   1.000000   455
557   1.000000   384
558   1.000000   364
559   1.000000   305
560   1.000000   336
561   1.000000   239
562   1.000000   223
563   1.000000   222
564   1.000000   180
565   1.000000   155
566   1.000000   111
567   1.000000   99
568   1.000000   78
569   1.000000   91
570   1.000000   94
571   1.000000   80
572   1.000000   65
573   1.000000   33
574   1.000000   49
575   1.000000   51
576   1.000000   57
577   1.000000   34
578   1.000000   62
579   1.000000   56
580   1.000000   46
581   1.000000   43
582   1.000000   33
583   1.000000   35
584   1.000000   22
585   1.000000   18
586   1.000000   5
587   1.000000   7
588   1.000000   12
589   1.000000   6
590   1.000000   5
591   1.000000   22
592   1.000000   21
593   1.000000   8
594   1.000000   6
595   1.000000   5
596   1.000000   1
597   1.000000   0
598   1.000000   0
599   1.000000   0
